   0.100000E+00   0.000000E+00
   0.199000E+00   0.296100E-01
   0.298000E+00   0.507300E-01
   0.397000E+00   0.555500E-01
   0.496000E+00   0.566800E-01
   0.595000E+00   0.580700E-01
   0.694000E+00   0.602800E-01
   0.793000E+00   0.614200E-01
   0.892000E+00   0.589200E-01
   0.991000E+00   0.616700E-01
   0.109000E+01   0.555400E-01
   0.118900E+01   0.462000E-01
   0.128800E+01   0.394200E-01
   0.138700E+01   0.341500E-01
   0.148600E+01   0.300000E-01
   0.158500E+01   0.252700E-01
   0.168400E+01   0.224900E-01
   0.178300E+01   0.201700E-01
   0.188200E+01   0.170900E-01
   0.198100E+01   0.159200E-01
   0.208000E+01   0.141000E-01
   0.217900E+01   0.132900E-01
   0.227800E+01   0.114200E-01
   0.237700E+01   0.112100E-01
   0.247600E+01   0.100200E-01
   0.257500E+01   0.894000E-02
   0.267400E+01   0.794000E-02
   0.277300E+01   0.783000E-02
   0.287200E+01   0.752000E-02
   0.297100E+01   0.670000E-02
   0.307000E+01   0.584000E-02
   0.316900E+01   0.560000E-02
   0.326800E+01   0.572000E-02
   0.336700E+01   0.470000E-02
   0.346600E+01   0.501000E-02
   0.356500E+01   0.426000E-02
   0.366400E+01   0.400000E-02
   0.376300E+01   0.379000E-02
   0.386200E+01   0.343000E-02
   0.396100E+01   0.335000E-02
   0.406000E+01   0.327000E-02
   0.415900E+01   0.299000E-02
   0.425800E+01   0.292000E-02
   0.435700E+01   0.247000E-02
   0.445600E+01   0.212000E-02
   0.455500E+01   0.249000E-02
   0.465400E+01   0.228000E-02
   0.475300E+01   0.216000E-02
   0.485200E+01   0.215000E-02
   0.495100E+01   0.198000E-02
   0.505000E+01   0.169000E-02
   0.514900E+01   0.165000E-02
   0.524800E+01   0.161000E-02
   0.534700E+01   0.158000E-02
   0.544600E+01   0.140000E-02
   0.554500E+01   0.144000E-02
   0.564400E+01   0.120000E-02
   0.574300E+01   0.116000E-02
   0.584200E+01   0.116000E-02
   0.594100E+01   0.109000E-02
   0.604000E+01   0.970000E-03
   0.613900E+01   0.100000E-02
   0.623800E+01   0.107000E-02
   0.633700E+01   0.830000E-03
   0.643600E+01   0.100000E-02
   0.653500E+01   0.860000E-03
   0.663400E+01   0.900000E-03
   0.673300E+01   0.730000E-03
   0.683200E+01   0.630000E-03
   0.693100E+01   0.730000E-03
   0.703000E+01   0.620000E-03
   0.712900E+01   0.590000E-03
   0.722800E+01   0.470000E-03
   0.732700E+01   0.640000E-03
   0.742600E+01   0.500000E-03
   0.752500E+01   0.420000E-03
   0.762400E+01   0.510000E-03
   0.772300E+01   0.420000E-03
   0.782200E+01   0.390000E-03
   0.792100E+01   0.510000E-03
   0.802000E+01   0.350000E-03
   0.811900E+01   0.370000E-03
   0.821800E+01   0.310000E-03
   0.831700E+01   0.260000E-03
   0.841600E+01   0.320000E-03
   0.851500E+01   0.290000E-03
   0.861400E+01   0.250000E-03
   0.871300E+01   0.170000E-03
   0.881200E+01   0.160000E-03
   0.891100E+01   0.160000E-03
   0.901000E+01   0.160000E-03
   0.910900E+01   0.120000E-03
   0.920800E+01   0.110000E-03
   0.930700E+01   0.130000E-03
   0.940600E+01   0.120000E-03
   0.950500E+01   0.500000E-04
   0.960400E+01   0.800000E-04
   0.970300E+01   0.700000E-04
   0.980200E+01   0.200000E-04
   0.990100E+01   0.100000E-04
   0.100000E+02   0.400000E-04
