         -64  0.29183237610757351     
         -63  0.38911001303791998     
         -62  0.13088954375684261     
         -61   4.4816486388444904E-002
         -60   1.6256477788090706E-002
         -59   6.7351388931274417E-003
         -58   3.5759941786527635E-003
         -57   2.5234484076499938E-003
         -56   2.1738523244857789E-003
         -55   2.0578124672174453E-003
         -54   2.0194625109434127E-003
         -53   2.0065062195062638E-003
         -52   2.0022694170475008E-003
         -51   2.0007145851850508E-003
         -50   2.0000490099191665E-003
         -49   1.9998442083597181E-003
         -48   2.0000612735748290E-003
         -47   2.0000847727060316E-003
         -46   1.9999879747629166E-003
         -45   1.9999726414680480E-003
         -44   1.9999371320009230E-003
         -43   1.9999395906925201E-003
         -42   1.9999217092990873E-003
         -41   1.9999940246343611E-003
         -40   2.0001175403594972E-003
         -39   2.0001098513603211E-003
         -38   1.9999147802591322E-003
         -37   1.9999023526906965E-003
         -36   2.0000136494636536E-003
         -35   1.9999267160892486E-003
         -34   1.9998149573802948E-003
         -33   1.9999865889549257E-003
         -32   2.0002336502075195E-003
         -31   2.0001979619264604E-003
         -30   1.9999947845935821E-003
         -29   1.9999037832021714E-003
         -28   1.9998983889818194E-003
         -27   1.9999282211065291E-003
         -26   1.9999656826257704E-003
         -25   1.9999587237834932E-003
         -24   2.0001261234283449E-003
         -23   2.0000715702772139E-003
         -22   1.9999046772718430E-003
         -21   2.0000353455543519E-003
         -20   2.0001453310251236E-003
         -19   2.0001554042100907E-003
         -18   1.9999502301216126E-003
         -17   1.9998526871204377E-003
         -16   1.9999136924743650E-003
         -15   1.9999124258756637E-003
         -14   2.0000412613153458E-003
         -13   2.0000371336936951E-003
         -12   1.9999047666788101E-003
         -11   2.0000391006469729E-003
         -10   2.0001815855503081E-003
          -9   2.0001931935548782E-003
          -8   2.0001874715089799E-003
          -7   1.9999500811100006E-003
          -6   1.9998541772365572E-003
          -5   1.9999411106109621E-003
          -4   1.9998526722192762E-003
          -3   1.9998675137758255E-003
          -2   1.9999739378690718E-003
          -1   2.0000327229499817E-003
           0   1.0000786930322648E-003
           1   6.6671100258827211E-004
           2   2.2222097218036651E-004
           3   7.4081987142562866E-005
           4   2.4703174829483031E-005
           5   8.2229524850845332E-006
           6   2.7290135622024535E-006
           7   9.1180205345153805E-007
           8   3.0778348445892336E-007
           9   1.0187923908233642E-007
          10   3.3378601074218753E-008
          11   1.1220574378967285E-008
          12   3.9637088775634768E-009
          13   1.2964010238647460E-009
          14   4.4703483581542967E-010
          15   1.3411045074462890E-010
          16   2.9802322387695313E-011
          17   0.0000000000000000     
          18   0.0000000000000000     
          19   0.0000000000000000     
          20   0.0000000000000000     
          21   0.0000000000000000     
          22   0.0000000000000000     
          23   0.0000000000000000     
          24   0.0000000000000000     
          25   0.0000000000000000     
          26   0.0000000000000000     
          27   0.0000000000000000     
          28   0.0000000000000000     
          29   0.0000000000000000     
          30   0.0000000000000000     
          31   0.0000000000000000     
          32   0.0000000000000000     
          33   0.0000000000000000     
          34   0.0000000000000000     
          35   0.0000000000000000     
          36   0.0000000000000000     
          37   0.0000000000000000     
          38   0.0000000000000000     
          39   0.0000000000000000     
          40   0.0000000000000000     
          41   0.0000000000000000     
          42   0.0000000000000000     
          43   0.0000000000000000     
          44   0.0000000000000000     
          45   0.0000000000000000     
          46   0.0000000000000000     
          47   0.0000000000000000     
          48   0.0000000000000000     
          49   0.0000000000000000     
          50   0.0000000000000000     
          51   0.0000000000000000     
          52   0.0000000000000000     
          53   0.0000000000000000     
          54   0.0000000000000000     
          55   0.0000000000000000     
          56   0.0000000000000000     
          57   0.0000000000000000     
          58   0.0000000000000000     
          59   0.0000000000000000     
          60   0.0000000000000000     
          61   0.0000000000000000     
          62   0.0000000000000000     
          63   0.0000000000000000     
          64   0.0000000000000000     
