   0.000000E+00   0.991000E-02   0.107400E-01   0.987000E-02
   0.100000E-01   0.964000E-02   0.991000E-02   0.937000E-02
   0.200000E-01   0.102800E-01   0.100800E-01   0.969000E-02
   0.300000E-01   0.961000E-02   0.982000E-02   0.956000E-02
   0.400000E-01   0.102400E-01   0.102700E-01   0.994000E-02
   0.500000E-01   0.977000E-02   0.100300E-01   0.105900E-01
   0.600000E-01   0.106700E-01   0.998000E-02   0.934000E-02
   0.700000E-01   0.102500E-01   0.962000E-02   0.996000E-02
   0.800000E-01   0.100000E-01   0.102300E-01   0.102800E-01
   0.900000E-01   0.919000E-02   0.970000E-02   0.102700E-01
   0.100000E+00   0.996000E-02   0.101700E-01   0.103100E-01
   0.110000E+00   0.105700E-01   0.961000E-02   0.997000E-02
   0.120000E+00   0.996000E-02   0.998000E-02   0.948000E-02
   0.130000E+00   0.100100E-01   0.968000E-02   0.102800E-01
   0.140000E+00   0.985000E-02   0.106600E-01   0.101100E-01
   0.150000E+00   0.104400E-01   0.103600E-01   0.992000E-02
   0.160000E+00   0.104800E-01   0.101300E-01   0.105600E-01
   0.170000E+00   0.103000E-01   0.100700E-01   0.998000E-02
   0.180000E+00   0.990000E-02   0.105300E-01   0.988000E-02
   0.190000E+00   0.968000E-02   0.100000E-01   0.100400E-01
   0.200000E+00   0.102300E-01   0.103900E-01   0.989000E-02
   0.210000E+00   0.101600E-01   0.980000E-02   0.102400E-01
   0.220000E+00   0.104900E-01   0.102200E-01   0.997000E-02
   0.230000E+00   0.102400E-01   0.101700E-01   0.975000E-02
   0.240000E+00   0.100800E-01   0.991000E-02   0.997000E-02
   0.250000E+00   0.103000E-01   0.103200E-01   0.100600E-01
   0.260000E+00   0.980000E-02   0.103300E-01   0.998000E-02
   0.270000E+00   0.998000E-02   0.100800E-01   0.100700E-01
   0.280000E+00   0.107100E-01   0.946000E-02   0.104200E-01
   0.290000E+00   0.995000E-02   0.988000E-02   0.100200E-01
   0.300000E+00   0.105000E-01   0.957000E-02   0.979000E-02
   0.310000E+00   0.982000E-02   0.100300E-01   0.987000E-02
   0.320000E+00   0.997000E-02   0.915000E-02   0.101100E-01
   0.330000E+00   0.101700E-01   0.103900E-01   0.101900E-01
   0.340000E+00   0.100600E-01   0.104700E-01   0.988000E-02
   0.350000E+00   0.983000E-02   0.102900E-01   0.101500E-01
   0.360000E+00   0.103200E-01   0.961000E-02   0.102600E-01
   0.370000E+00   0.955000E-02   0.995000E-02   0.100600E-01
   0.380000E+00   0.102700E-01   0.102300E-01   0.102900E-01
   0.390000E+00   0.102100E-01   0.101800E-01   0.101400E-01
   0.400000E+00   0.102800E-01   0.100000E-01   0.103100E-01
   0.410000E+00   0.106200E-01   0.992000E-02   0.989000E-02
   0.420000E+00   0.959000E-02   0.100300E-01   0.994000E-02
   0.430000E+00   0.995000E-02   0.102100E-01   0.102900E-01
   0.440000E+00   0.979000E-02   0.953000E-02   0.980000E-02
   0.450000E+00   0.100800E-01   0.994000E-02   0.997000E-02
   0.460000E+00   0.100300E-01   0.100500E-01   0.987000E-02
   0.470000E+00   0.978000E-02   0.976000E-02   0.970000E-02
   0.480000E+00   0.102900E-01   0.979000E-02   0.941000E-02
   0.490000E+00   0.105400E-01   0.991000E-02   0.101100E-01
   0.500000E+00   0.105400E-01   0.992000E-02   0.100300E-01
   0.510000E+00   0.994000E-02   0.100500E-01   0.105400E-01
   0.520000E+00   0.998000E-02   0.105200E-01   0.103200E-01
   0.530000E+00   0.964000E-02   0.103500E-01   0.989000E-02
   0.540000E+00   0.947000E-02   0.101700E-01   0.107700E-01
   0.550000E+00   0.102000E-01   0.104300E-01   0.100000E-01
   0.560000E+00   0.103300E-01   0.100600E-01   0.993000E-02
   0.570000E+00   0.101400E-01   0.954000E-02   0.100800E-01
   0.580000E+00   0.998000E-02   0.928000E-02   0.983000E-02
   0.590000E+00   0.958000E-02   0.965000E-02   0.988000E-02
   0.600000E+00   0.970000E-02   0.106000E-01   0.101400E-01
   0.610000E+00   0.975000E-02   0.101900E-01   0.102100E-01
   0.620000E+00   0.965000E-02   0.996000E-02   0.997000E-02
   0.630000E+00   0.102100E-01   0.986000E-02   0.104200E-01
   0.640000E+00   0.987000E-02   0.951000E-02   0.957000E-02
   0.650000E+00   0.960000E-02   0.101600E-01   0.915000E-02
   0.660000E+00   0.959000E-02   0.963000E-02   0.102200E-01
   0.670000E+00   0.971000E-02   0.972000E-02   0.101900E-01
   0.680000E+00   0.997000E-02   0.992000E-02   0.105400E-01
   0.690000E+00   0.969000E-02   0.100200E-01   0.100100E-01
   0.700000E+00   0.101700E-01   0.950000E-02   0.999000E-02
   0.710000E+00   0.969000E-02   0.102000E-01   0.963000E-02
   0.720000E+00   0.974000E-02   0.996000E-02   0.968000E-02
   0.730000E+00   0.925000E-02   0.919000E-02   0.958000E-02
   0.740000E+00   0.100500E-01   0.968000E-02   0.967000E-02
   0.750000E+00   0.105200E-01   0.100800E-01   0.974000E-02
   0.760000E+00   0.975000E-02   0.984000E-02   0.103200E-01
   0.770000E+00   0.955000E-02   0.101200E-01   0.990000E-02
   0.780000E+00   0.102900E-01   0.100200E-01   0.974000E-02
   0.790000E+00   0.974000E-02   0.104400E-01   0.991000E-02
   0.800000E+00   0.988000E-02   0.987000E-02   0.100300E-01
   0.810000E+00   0.975000E-02   0.100300E-01   0.104500E-01
   0.820000E+00   0.104400E-01   0.103100E-01   0.976000E-02
   0.830000E+00   0.968000E-02   0.987000E-02   0.962000E-02
   0.840000E+00   0.968000E-02   0.102300E-01   0.103100E-01
   0.850000E+00   0.966000E-02   0.995000E-02   0.990000E-02
   0.860000E+00   0.100500E-01   0.100400E-01   0.103500E-01
   0.870000E+00   0.960000E-02   0.101400E-01   0.104400E-01
   0.880000E+00   0.983000E-02   0.975000E-02   0.103200E-01
   0.890000E+00   0.100600E-01   0.100100E-01   0.993000E-02
   0.900000E+00   0.950000E-02   0.102800E-01   0.940000E-02
   0.910000E+00   0.993000E-02   0.100000E-01   0.997000E-02
   0.920000E+00   0.981000E-02   0.100900E-01   0.992000E-02
   0.930000E+00   0.102100E-01   0.986000E-02   0.951000E-02
   0.940000E+00   0.995000E-02   0.100600E-01   0.943000E-02
   0.950000E+00   0.105600E-01   0.101800E-01   0.104700E-01
   0.960000E+00   0.102300E-01   0.957000E-02   0.996000E-02
   0.970000E+00   0.101800E-01   0.989000E-02   0.102900E-01
   0.980000E+00   0.100900E-01   0.100900E-01   0.106500E-01
   0.990000E+00   0.103200E-01   0.100700E-01   0.964000E-02
   0.100000E+01   0.000000E+00   0.000000E+00   0.000000E+00
